-1.669343088870315128e+00 -4.533506933131147498e+00 1.957789386663407072e+00 7.544682260134220053e-01 6.921263129296224861e+02
-1.254540922289921312e+00 1.234828417836826731e+00 2.800853060182493692e+00 7.545637323373700633e-01 6.702987494561227777e+02
-1.453351723672003715e+00 -8.851967043360389198e+00 1.703692756949726217e-01 7.545321099162658474e-01 7.462429060070647893e+02
-1.347754792763286247e+00 -9.712938468218830224e-01 2.648961117278475719e+00 7.544253466753267912e-01 6.609309191429849761e+02
-1.502344119444948944e+00 -9.003533141362781933e+00 -3.470261798119084196e-01 7.542663522461705572e-01 6.903173857543491749e+02
-1.421150672187184938e+00 -1.140249055604655126e+01 1.803045721626306275e-02 7.543420553068997947e-01 7.195793283087946293e+02
-1.562160913061298118e+00 -6.480696961818602553e+00 1.949967408319984941e+00 7.541870565750983246e-01 7.057019566852876551e+02
-1.512475330691962938e+00 -7.461030318580430531e-01 2.417465670110455100e+00 7.542262976413053321e-01 7.019189485154784052e+02
-1.204013670509898049e+00 -9.002552566593600147e-01 1.877766985584127468e+00 7.541048400878601621e-01 6.673102680346353281e+02
-1.331056749484544000e+00 -5.801844764371401730e+00 1.540816957659283837e+00 7.541712394637890560e-01 6.778739358322736734e+02
-1.238122411709298376e+00 -4.459616347612099574e+00 5.912143785256047668e-01 7.540378375453301585e-01 6.926170421246663409e+02
-1.528512914103437481e+00 -8.913278316656217726e+00 2.261292089927025017e-02 7.538562747020971511e-01 7.090017042617084826e+02
-1.580796559815846436e+00 -5.609775917958799596e+00 1.326625577133301981e+00 7.538582467059319336e-01 7.254770446573304525e+02
-1.302980299816011822e+00 -5.135756538582371356e+00 1.908557554256185895e+00 7.541204616725246668e-01 6.653218292550513979e+02
-1.520875609196489009e+00 -6.187736110658635269e+00 8.730878993751354233e-01 7.538400032241837634e-01 7.156927778112249143e+02
-1.443544641811634222e+00 -9.537081680286606300e+00 -6.062137632481356952e-01 7.539147106542524179e-01 6.960085694200098487e+02
-1.584031711707865497e+00 -8.664131092784318255e+00 1.461166163333264212e+00 7.533930682650947785e-01 7.387228467496690882e+02
-1.466717512446082949e+00 -4.866915832904332717e+00 1.715160932223743995e+00 7.532595689265384475e-01 7.122190058521021001e+02
-1.476352441585193631e+00 -6.122519768830040121e+00 1.247177051624074107e+00 7.534925245505602609e-01 7.188980687191162815e+02
-1.476352441585193631e+00 -6.122519768830040121e+00 1.247177051624074107e+00 7.534925245505602609e-01 7.188980687191162815e+02
-1.360967444039875573e+00 -6.039145926006188603e-01 1.853169090149624942e+00 7.538301119497369251e-01 6.966983188946663859e+02
-1.332710714741008218e+00 -1.824598980715933294e+00 7.795624941555401310e-01 7.536485187960363374e-01 6.754114039919298875e+02
-1.274683505288694008e+00 -5.441849594242516908e+00 -2.746320606031542599e-01 7.538045730780599252e-01 6.865780907495170595e+02
-1.274683505288694008e+00 -5.441849594242516908e+00 -2.746320606031542599e-01 7.538045730780599252e-01 6.865780907495170595e+02
-1.345113435483526132e+00 -1.109315210296106002e+01 -5.970054988134076979e-02 7.533559351098664258e-01 6.817645294605803201e+02
-1.293485234629615732e+00 -8.555276003724596734e+00 2.144941345433597490e-01 7.536108420768301563e-01 6.734459488978482113e+02
-1.293485234629615732e+00 -8.555276003724596734e+00 2.144941345433597490e-01 7.536108420768301563e-01 6.734459488978482113e+02
-1.277143848113636793e+00 -3.494496316992711016e+00 1.780667490935511577e+00 7.535792243857668549e-01 6.660240704811673140e+02
-1.277143848113636793e+00 -3.494496316992711016e+00 1.780667490935511577e+00 7.535792243857668549e-01 6.660240704811673140e+02
-1.347940837555368532e+00 -3.092604040379892893e+00 1.248582063269903397e+00 7.535581948887709602e-01 6.943717814321236119e+02
-1.319236854982852591e+00 -7.532657181390202794e+00 1.384281760072137768e+00 7.533093906664186656e-01 6.813047690703666603e+02
-1.398985922942108218e+00 -7.484479490611303909e+00 8.753285413552520655e-01 7.533257694400863347e-01 7.125647864751695124e+02
-1.398908316696669374e+00 -6.501154687127123744e+00 1.325715468291193133e+00 7.535450229190084892e-01 7.220570215302473116e+02
-1.293336477704684739e+00 -4.907496030115821917e+00 5.747933597040926212e-01 7.534637997366734341e-01 6.773762322252542845e+02
-1.269600528322200717e+00 -2.577957222465947495e+00 2.329962651064740875e-01 7.535609971096173254e-01 6.844220746595603941e+02
-1.269600528322200717e+00 -2.577957222465947495e+00 2.329962651064740875e-01 7.535609971096173254e-01 6.844220746595603941e+02
-1.077588107174145549e+00 -1.008726815087122475e+01 -2.896553962916104119e-02 7.533332848858558251e-01 6.756827061669987415e+02
-1.265837229496261429e+00 -4.019554469839455635e+00 1.278028029431573565e+00 7.534824957453296612e-01 6.807987371810302193e+02
-1.198922230865987260e+00 -3.223572352029046684e+00 2.628274845425603967e+00 7.535033261864794163e-01 6.661606529766323774e+02
-1.198922230865987260e+00 -3.223572352029046684e+00 2.628274845425603967e+00 7.535033261864794163e-01 6.661606529766323774e+02
-1.143687180891507893e+00 -5.056006299669720150e+00 1.043175934107264613e+00 7.534304329003648215e-01 6.730924402806004991e+02
-1.143687180891507893e+00 -5.056006299669720150e+00 1.043175934107264613e+00 7.534304329003648215e-01 6.730924402806004991e+02
-1.200624975872498723e+00 -9.820831990002407252e+00 2.722457588787048355e-01 7.534186280097832089e-01 7.040416547423403699e+02
-1.267934517246221304e+00 -9.867100626834011123e+00 -5.732222686810259926e-01 7.533515566894467552e-01 6.974495936049412421e+02
-1.267934517246221304e+00 -9.867100626834011123e+00 -5.732222686810259926e-01 7.533515566894467552e-01 6.974495936049412421e+02
-1.271621883452876745e+00 -6.359853636876302119e+00 -5.632447286997375180e-01 7.534367878899046467e-01 6.982159674285917390e+02
-1.271485805961587445e+00 -1.110707424031745205e+01 1.440918506238181962e+00 7.533726681212420395e-01 6.911533091485705427e+02
-1.271485805961587445e+00 -1.110707424031745205e+01 1.440918506238181962e+00 7.533726681212420395e-01 6.911533091485705427e+02
-1.125170124532608895e+00 -6.483510491249492524e+00 1.316423058205681951e+00 7.533296743153659047e-01 6.629259509138780686e+02
-1.125170124532608895e+00 -6.483510491249492524e+00 1.316423058205681951e+00 7.533296743153659047e-01 6.629259509138780686e+02
-1.362400628641767142e+00 -1.179123322279328967e+01 1.925279291067247822e-01 7.533233482179914065e-01 7.436149710159850201e+02
-1.362400628641767142e+00 -1.179123322279328967e+01 1.925279291067247822e-01 7.533233482179914065e-01 7.436149710159850201e+02
-1.200656620377760220e+00 -7.915258934368511134e+00 -2.993016923873488278e-01 7.533647228120318173e-01 6.700151155374666132e+02
-1.198822112852608868e+00 -5.947118375585086270e+00 1.358765343026215433e+00 7.533877095335405061e-01 6.865360423265558438e+02
-1.198822112852608868e+00 -5.947118375585086270e+00 1.358765343026215433e+00 7.533877095335405061e-01 6.865360423265558438e+02
-1.147677286957300424e+00 -2.167415827297352493e+00 2.017693215796243056e+00 7.534213065966448575e-01 6.454366633326343390e+02
-1.262016193594131863e+00 -1.143526904729757909e+01 1.882418826392906475e-02 7.533539546337226778e-01 6.886462485732628238e+02
-1.169992052297912366e+00 -9.819535091088070544e+00 7.117357842545413149e-04 7.533898716879207091e-01 6.810418906455204251e+02
-1.169992052297912366e+00 -9.819535091088070544e+00 7.117357842545413149e-04 7.533898716879207091e-01 6.810418906455204251e+02
